Book Bubble Sort DSC Time
Start: 0.000132
End: 0.032284

